5 57 10
4 79 7
2 7 20
x
x
2 25 10
x
6 0 5
2 0 33
x
8 46 35
2 95 38
x
9 75 13
13 11 11
13 46 5
1 10 30
x
7 58 16
4 26 16
5 27 5
x
x
4 8 9
14 91 35
1 9 29
x
x
10 13 1
1 53 36
9 93 23
6 76 19
1 65 1
x
12 3 12
3 76 11
x
13 84 9
0 97 5
x
10 96 38
11 18 20
0 71 0
x
5 9 24
2 67 25
9 24 11
x
8 72 6
6 34 24
11 0 37
2 60 0
10 11 5
11 94 29
10 75 0
10 93 24
0 66 38
5 59 4
9 0 9
1 0 0
3 7 14
0 46 20
14 71 28
8 70 40
12 83 39
7 65 3
12 0 34
0 61 3
x
7 3 24
13 61 33
x
11 55 32
x
x
3 17 22
3 95 19
10 4 15
12 48 25
11 73 44
10 59 31
1 95 4
9 96 43
1 40 17
8 77 42
x
7 0 32
x
1 88 33
6 12 6
14 78 22
3 6 32
11 49 39
9 37 44
2 13 31
7 41 15
x
9 73 29
11 86 11
3 25 23
9 48 24
13 71 27
11 28 28
15 55 10
x
5 50 34
6 40 14
2 81 42
x
14 13 13
8 20 23
x
5 82 43
1 30 35
1 11 12
6 98 3
0 28 18
13 79 6
x
10 24 27
9 28 34
x
3 90 30
4 29 33
8 27 32
2 29 3
4 19 42
x
12 69 33
15 6 30
x
3 48 31
7 10 5
2 49 18
5 7 22
4 5 32
14 0 41
6 2 40
x
5 39 38
12 54 8
0 82 41
x
x
1 67 22
0 36 31
0 88 21
8 45 21
4 86 38
11 38 38
7 93 34
11 79 40
x
3 0 2
8 12 43
6 93 12
x
8 75 34
1 49 43
2 74 11
3 50 25
13 28 31
2 72 14
7 50 42
14 22 10
4 53 1
15 97 2
3 71 10
5 21 13
10 35 9
x
5 70 37
6 49 17
8 26 17
x
x
15 65 43
12 90 9
6 70 0
15 47 35
9 54 28
0 11 10
4 45 30
13 20 12
5 10 44
0 74 36
x
7 30 2
14 48 40
x
10 91 33
9 61 4
14 96 8
10 40 29
4 78 8
1 79 39
14 76 33
6 56 27
9 19 21
12 74 7
10 81 18
15 22 20
7 77 21
12 61 28
x
10 37 32
11 85 17
9 78 6
12 68 37
11 54 7
4 77 3
x
x
x
8 96 0
3 23 29
1 28 23
4 92 39
x
1 5 5
12 46 16
13 49 4
15 9 37
x
3 99 28
3 58 15
8 35 5
x
15 37 28
9 18 32
x
3 65 42
12 5 36
3 32 4
10 34 44
x
7 22 19
x
11 33 30
11 64 31
8 54 3
8 18 9
x
10 54 34
14 37 44
2 36 21
15 91 34
6 63 42
13 75 7
8 92 8
6 22 26
0 8 28
4 71 20
2 77 2
8 7 31
12 88 3
15 84 19
13 35 43
x
x
1 72 20
12 34 27
8 66 19
x
11 15 3
4 57 40
4 64 37
6 37 18
4 35 2
3 62 27
6 97 2
4 39 19
x
2 70 13
11 4 42
13 92 29
8 82 1
x
0 41 14
5 5 18
5 34 17
6 4 25
5 18 11
14 68 37
x
2 6 37
4 16 10
x
x
11 53 5
4 3 17
1 25 15
14 28 0
14 61 2
15 70 36
0 3 4
0 48 37
1 35 26
x
9 46 10
14 97 24
x
15 57 3
2 98 43
9 33 25
11 46 33
12 25 29
3 44 3
5 74 20
5 47 32
0 18 25
15 99 21
15 35 1
7 90 22
4 34 41
13 4 41
9 69 35
x
6 86 9
x
3 12 24
10 1 13
0 52 33
x
13 67 13
15 13 42
11 26 4
5 66 12
11 84 34
15 45 8
7 85 31
2 91 34
12 17 23
8 63 33
4 84 35
3 80 18
14 6 12
11 59 27
x
4 24 22
6 27 13
9 59 0
10 70 11
x
14 54 26
5 98 27
7 62 36
10 0 10
7 69 10
4 15 21
8 32 10
12 92 21
9 2 3
6 61 44
13 9 38
12 9 38
0 92 23
0 78 1
2 62 41
1 90 16
9 52 36
11 68 9
1 52 13
14 59 43
12 65 32
x
8 50 14
3 21 21
15 30 39
0 24 12
14 46 42
8 1 2
x
2 53 23
2 18 22
13 64 35
3 29 9
8 42 15
5 37 30
14 83 30
7 46 8
1 16 21
15 75 17
13 33 44
13 16 18
0 72 13
11 8 41
7 36 40
x
14 18 17
2 33 8
x
4 88 31
x
5 54 16
x
12 16 14
11 96 43
x
14 88 20
x
10 6 8
x
9 86 41
9 43 14
9 90 19
7 95 11
6 68 4
15 52 33
15 2 7
13 2 10
6 89 28
6 46 7
x
4 67 28
11 89 6
10 44 43
5 45 40
4 49 6
13 42 21
2 43 32
1 43 31
13 53 3
14 34 27
1 60 41
x
11 58 12
15 60 40
10 18 19
8 16 27
8 23 4
5 84 9
9 1 42
8 0 24
0 31 39
7 5 1
2 84 29
x
9 66 26
12 42 20
7 19 9
x
x
10 62 39
x
4 14 13
5 93 2
x
13 87 1
x
x
11 43 0
6 8 38
11 23 26
9 63 2
8 56 28
5 0 19
15 82 31
4 0 18
x
3 67 26
8 84 22
8 89 38
8 6 11
3 41 44
12 50 42
6 6 10
x
x
x
0 16 24
x
x
x
9 64 40
1 42 11
x
13 95 23
x
7 35 37
5 31 25
5 24 3
x
2 3 17
0 23 9
8 58 44
0 0 16
11 63 24
0 43 43
3 3 37
x
x
4 37 36
10 83 35
12 56 5
14 51 15
2 32 36
10 49 30
12 30 24
5 64 1
7 83 17
1 76 2
3 36 1
1 84 28
1 8 18
4 13 5
8 99 37
15 26 9
4 41 14
0 85 34
7 82 18
13 23 8
10 29 36
1 55 25
9 50 31
5 42 33
x
12 78 2
3 53 41
15 17 18
9 13 17
15 41 15
13 8 17
10 86 42
5 30 35
15 80 16
15 5 4
14 73 1
1 26 7
2 31 30
13 73 30
11 82 15
7 26 7
x
9 72 20
14 42 14
13 40 32
10 67 4
3 19 20
0 50 44
12 39 31
7 43 41
3 34 43
x
5 88 28
13 86 34
x
x
0 29 22
11 12 8
x
x
10 5 16
13 56 24
15 32 5
x
11 77 16
7 53 23
9 7 7
9 12 1
2 51 27
7 74 44
1 82 10
4 97 27
x
8 9 36
14 32 21
6 17 16
x
14 1 25
6 42 37
0 9 8
14 24 31
14 64 4
6 51 22
0 57 40
8 37 29
13 99 36
15 88 13
x
8 79 12
x
x
5 13 15
4 59 25
1 62 34
2 9 40
12 22 30
9 82 27
x
12 99 35
6 81 1
2 56 24
15 96 44
3 73 38
x
2 89 44
5 79 26
4 20 29
x
12 38 4
6 31 20
14 9 39
3 85 0
x
15 0 26
4 73 0
14 3 36
15 73 29
2 14 16
12 12 15
2 39 35
3 38 40
10 78 25
5 90 23
13 0 25
12 96 44
x
x
7 15 14
x
2 23 19
15 54 41
6 3 34
1 21 6
